18
20
8
9
6
5
15
1
15
11
16
14
20
4
12
9
14
8
2
15
5
7
8
20
1
17
3
18
15
11
8
7
4
15
7
10
12
4
5
15
5
14
11
8
20
9
2
8
7
12
12
3
10
4
4
13
6
18
2
16
1
18
7
19
3
15
14
2
12
7
14
19
18
14
4
16
5
9
4
17
14
15
16
13
1
17
14
14
9
17
8
14
18
5
2
3
6
6
12
11
1
1
18
8
8
13
3
20
12
10
11
5
12
3
17
7
7
8
10
4
4
9
13
16
3
12
18
19
5
11
17
12
11
10
1
8
11
12
12
14
1
17
11
10
13
7
12
20
11
2
5
2
1
16
14
18
15
8
6
1
11
19
5
3
11
2
6
13
10
20
10
6
3
1
9
18
10
15
2
4
14
19
7
1
16
19
2
16
5
9
9
3
1
5
12
19
17
12
9
12
4
11
18
16
7
1
15
18
2
14
18
20
11
9
5
15
2
15
12
11
9
5
14
19
2
4
12
18
7
2
14
8
13
10
7
16
8
9
6
3
19
2
4
18
10
10
9
4
9
3
17
8
6
9
13
16
14
19
10
2
17
7
5
10
10
7
19
18
16
10
11
12
14
2
16
12
15
18
11
13
5
20
5
11
8
1
7
13
1
3
16
17
8
6
9
13
19
12
7
14
3
4
10
11
4
16
18
14
20
3
11
10
1
9
17
6
14
7
17
18
5
14
17
14
1
10
20
17
6
19
20
17
17
1
16
5
4
10
12
7
13
7
17
8
10
16
16
5
4
17
3
1
8
18
9
11
12
13
18
12
12
16
7
1
20
10
18
9
20
7
19
9
19
12
4
20
5
8
19
20
16
14
7
18
6
8
11
8
12
2
6
2
6
10
5
4
9
1
17
11
14
12
8
18
8
2
13
13
2
15
19
20
14
18
8
1
6
6
4
5
17
19
20
20
9
2
15
10
9
4
8
11
19
11
19
12
8
5
13
6
5
20
19
17
14
14
14
6
17
2
17
12
18
14
11
15
13
4
4
2
9
18
20
11
5
7
7
2
4
8
16
15
20
1
2
12
14
10
10
15
2
13
13
13
7
11
14
19
16
3
4
14
15
11
18
19
16
5
2
8
15
12
16
16
8
2
2
7
5
2
19
2
3
2
8
10
7
3
16
14
8
10
1
6
1
1
20
14
18
2
5
1
1
8
5
20
4
16
7
19
18
19
9
3
18
15
3
10
10
8
20
14
17
16
18
17
10
4
12
17
18
12
11
15
18
19
14
5
17
5
19
14
20
14
15
20
16
18
13
15
9
3
8
8
5
14
19
16
15
13
5
19
6
15
20
9
9
5
3
1
