9
14
2
5
14
19
18
15
8
20
2
13
15
5
2
12
19
7
12
8
10
16
6
14
10
2
3
17
7
6
7
17
16
12
7
19
15
7
17
14
15
1
12
14
12
2
3
12
7
9
2
20
10
4
16
5
11
3
13
1
9
13
15
7
11
2
2
7
19
7
20
1
7
17
1
19
15
10
1
16
11
4
16
19
4
6
14
3
2
16
1
18
5
2
3
14
1
16
2
10
2
13
17
16
4
4
13
9
19
19
12
20
3
8
10
19
6
7
20
15
9
11
20
13
9
2
13
10
4
13
17
2
13
4
15
17
12
11
6
5
3
8
5
7
1
16
20
16
4
18
5
14
15
2
4
15
5
2
12
13
17
19
16
3
10
12
16
15
9
1
17
14
18
5
2
11
12
1
8
20
20
1
16
13
8
14
8
7
3
3
7
5
4
7
7
19
20
10
8
18
14
6
11
12
8
17
14
17
15
8
13
4
19
4
7
2
20
10
15
3
10
10
13
4
14
17
20
1
13
9
3
19
17
16
14
5
5
15
1
6
14
20
14
19
4
2
16
10
7
1
9
3
15
11
3
14
5
9
16
19
16
5
12
16
4
17
14
2
19
7
19
6
20
2
11
7
18
3
16
20
10
13
18
7
15
6
8
16
7
2
17
5
16
8
18
4
3
14
3
3
6
3
3
16
7
16
12
20
3
20
6
4
13
11
2
16
18
16
2
4
8
11
4
4
9
1
11
10
15
8
20
3
15
15
13
10
10
2
18
8
12
20
14
18
18
16
19
19
13
9
6
19
16
16
16
2
16
3
7
12
2
2
14
15
9
2
9
6
5
14
11
16
8
4
11
7
13
15
10
20
12
9
18
10
12
9
4
2
8
5
17
11
18
14
14
10
6
6
13
16
3
10
17
2
1
15
14
10
20
3
10
17
5
6
9
4
9
16
16
5
13
4
10
8
12
14
20
11
3
11
15
7
13
19
18
18
11
1
10
4
16
9
10
2
15
1
15
6
18
5
9
13
7
2
10
5
6
15
12
11
20
18
4
10
11
17
16
3
17
15
1
20
13
4
8
3
15
10
7
6
16
13
4
1
14
4
6
8
13
19
9
8
13
16
15
4
7
8
12
14
17
3
11
20
9
3
19
5
7
9
20
2
16
16
2
9
2
11
6
20
17
20
16
14
14
9
4
6
4
18
17
16
10
10
11
12
7
14
20
7
13
4
4
18
6
6
7
13
5
6
8
2
7
5
3
7
16
6
5
14
12
3
7
14
10
13
15
16
14
20
2
3
14
17
13
9
7
3
17
17
1
6
5
2
18
14
17
16
19
3
18
16
18
20
8
19
3
6
4
10
