8
4
18
17
17
2
10
16
9
5
5
1
6
5
1
5
20
17
13
17
15
8
8
6
13
3
6
18
13
15
17
16
1
1
3
8
7
13
12
2
2
15
15
16
19
2
5
11
9
6
1
16
14
18
14
4
4
5
17
13
20
14
11
6
14
9
15
4
20
6
17
7
3
5
20
8
9
10
1
10
8
4
15
12
17
16
5
8
10
12
19
2
5
3
1
17
18
5
19
20
8
4
8
4
14
18
7
10
11
17
7
8
14
8
9
12
6
2
10
14
11
19
18
18
2
6
7
12
6
9
10
13
13
10
18
18
2
1
15
18
5
15
20
9
2
18
12
2
15
11
1
14
5
4
12
2
17
15
8
17
16
2
16
7
15
14
9
4
12
12
2
6
11
17
6
20
7
4
14
18
2
20
11
18
7
6
5
16
16
7
17
10
12
5
17
6
3
5
7
10
19
4
8
18
13
5
1
17
19
20
11
3
20
6
13
5
11
9
13
14
5
18
9
2
12
4
3
7
12
6
15
11
19
3
8
2
8
14
7
15
18
9
4
6
13
4
6
9
9
8
9
16
20
2
3
12
5
7
13
18
9
7
1
2
12
4
2
18
15
19
10
7
20
16
10
9
20
10
11
7
17
19
4
10
12
2
8
14
14
12
18
15
10
19
2
20
12
14
8
12
16
18
19
7
15
8
11
19
8
20
10
11
12
9
8
8
7
7
6
7
2
10
14
16
17
3
17
3
3
12
5
2
3
10
10
9
20
2
8
18
8
1
11
7
19
5
19
17
6
20
5
13
2
12
13
2
13
1
11
17
18
10
9
2
2
13
8
17
16
20
12
10
13
14
10
14
20
11
11
13
15
11
16
17
5
12
5
19
1
9
8
12
14
9
16
20
14
9
3
2
4
19
20
13
2
8
3
7
5
18
6
1
9
7
1
6
4
4
13
3
11
5
16
13
1
12
10
13
3
9
3
19
12
5
9
2
8
18
9
17
12
8
19
15
8
18
11
17
15
19
10
16
15
3
3
2
11
19
19
5
10
2
1
10
12
4
10
6
17
12
15
3
20
17
7
14
12
19
13
9
15
13
6
18
10
14
10
1
14
7
19
10
12
13
14
7
13
4
17
15
15
3
2
3
13
8
5
1
19
3
10
20
9
15
2
9
12
8
18
3
3
20
3
3
18
8
15
7
1
7
10
17
16
13
16
5
6
8
13
13
12
12
4
15
2
20
8
3
9
17
