10
8
15
14
16
6
8
4
6
17
15
5
8
13
8
3
18
1
5
19
7
13
20
19
10
5
20
6
20
20
1
8
19
15
19
13
5
19
11
5
3
11
8
3
2
4
2
8
13
11
18
12
1
13
7
7
13
3
2
8
12
7
5
8
17
6
16
14
20
3
3
7
17
15
4
20
11
7
18
5
5
11
11
16
15
2
14
8
17
12
14
14
17
9
18
5
11
18
16
17
19
12
2
6
20
10
15
14
10
19
2
11
4
14
6
12
3
20
12
20
16
2
18
12
15
15
6
10
14
4
4
3
15
10
12
10
9
20
6
2
6
4
16
18
2
16
13
15
15
9
20
17
19
1
17
2
7
4
10
14
5
3
5
19
7
12
8
4
19
3
9
18
20
10
4
4
4
6
5
13
6
7
19
6
1
13
7
6
6
2
8
5
20
4
17
13
12
18
7
1
17
12
1
15
1
20
13
15
11
8
1
16
10
1
12
11
18
6
4
16
10
12
20
2
7
8
15
9
13
16
3
6
2
15
6
20
10
17
20
9
11
4
14
5
13
20
15
8
4
6
5
19
15
1
15
16
6
6
4
1
6
8
3
1
3
9
4
17
13
5
17
2
8
9
3
15
18
5
3
16
14
7
12
19
2
13
6
16
19
2
11
10
1
7
17
15
15
11
20
20
14
17
17
20
16
2
6
9
13
10
13
8
13
7
4
2
4
3
5
20
13
12
18
12
10
1
14
16
1
4
14
12
7
11
10
6
5
15
13
4
13
7
2
7
1
4
15
1
1
15
16
2
14
9
18
17
12
9
1
15
7
14
9
13
8
5
5
12
20
1
8
15
3
19
13
9
6
5
15
3
3
11
10
16
2
16
16
12
10
2
8
11
16
14
2
7
5
20
9
17
11
20
9
11
3
15
2
14
2
2
10
15
11
7
15
20
15
18
14
9
20
15
12
18
4
11
5
3
7
12
14
3
2
12
7
17
1
4
4
17
17
7
3
6
16
15
2
9
5
6
6
17
6
7
14
13
16
14
15
8
7
4
7
20
4
13
2
1
5
15
19
10
15
16
18
10
12
14
12
16
10
9
9
15
4
5
14
10
6
3
1
10
8
6
19
6
17
20
10
10
1
11
1
11
8
17
18
10
5
20
13
3
3
12
17
1
5
20
20
9
14
19
11
20
5
19
11
15
5
5
13
13
1
6
13
3
1
4
12
8
17
19
14
9
19
20
2
9
15
18
