7
5
20
2
20
13
2
18
14
7
10
16
11
4
19
15
15
16
5
8
15
18
12
10
13
18
2
1
4
16
8
1
14
14
8
10
12
12
6
16
2
3
5
13
14
1
4
12
14
19
19
13
6
3
6
1
12
17
8
19
16
19
13
12
15
18
15
18
12
7
19
11
3
13
11
3
1
18
17
5
16
16
6
7
5
7
8
9
19
19
7
4
14
10
15
6
4
6
18
20
13
1
1
13
5
16
18
5
11
16
13
11
11
4
10
19
10
14
2
16
15
8
13
11
11
18
19
14
6
15
4
13
20
7
2
5
17
13
16
7
20
11
3
18
4
13
2
11
4
16
19
1
10
5
20
11
3
11
9
9
12
1
2
11
20
16
16
11
1
1
17
5
7
7
8
13
12
3
12
3
4
4
7
12
5
11
8
2
20
5
18
10
16
8
15
9
2
7
4
5
20
9
2
17
9
18
16
18
1
2
6
4
5
1
7
14
13
3
5
9
13
5
10
13
8
19
17
4
15
2
15
8
9
13
1
16
9
14
19
6
12
9
8
4
10
5
3
9
4
1
18
12
13
11
9
5
15
7
16
10
18
18
10
10
8
6
16
10
15
12
12
7
15
2
17
7
16
8
19
20
8
13
13
3
1
18
18
5
15
13
18
6
7
8
3
10
1
3
7
10
12
19
12
8
10
18
2
1
1
13
7
10
20
8
13
14
19
10
6
10
4
1
17
4
18
15
17
11
7
17
12
20
3
12
4
10
1
14
11
3
6
18
2
12
12
1
14
16
14
8
17
3
1
20
20
17
8
16
20
7
18
7
15
20
10
1
15
14
17
15
19
6
3
20
8
3
8
6
14
10
18
14
4
17
1
10
15
10
11
12
7
4
14
19
16
3
20
15
4
9
20
10
2
9
8
6
9
10
2
13
9
19
3
10
1
15
7
13
6
8
2
13
3
13
17
12
14
16
20
8
4
10
7
12
12
7
5
10
1
15
7
14
20
18
20
7
13
7
4
6
14
2
19
7
10
20
17
9
11
9
8
5
15
4
4
4
19
13
16
19
7
13
3
19
7
16
6
11
2
8
19
20
1
19
12
11
4
16
1
15
11
20
20
12
4
14
7
16
15
3
