8
5
18
6
16
4
1
8
20
4
20
12
9
15
7
13
14
5
13
7
3
3
7
11
18
1
11
1
6
15
18
5
12
18
15
14
7
7
8
15
17
5
6
6
3
8
4
17
12
3
5
6
4
14
12
6
20
13
16
19
16
15
18
4
9
4
19
20
20
1
17
15
8
7
13
11
20
12
13
9
17
2
20
8
1
16
10
11
16
9
17
16
8
2
7
13
4
6
16
1
15
10
4
20
1
4
11
6
13
5
8
13
3
4
18
18
2
11
12
1
14
20
9
16
12
8
12
11
15
12
2
17
16
1
2
7
2
8
8
17
13
7
2
13
17
19
6
12
10
2
3
20
8
11
3
14
3
16
11
12
1
6
4
17
12
17
19
1
5
19
14
17
17
18
16
8
4
5
6
1
16
14
4
18
7
7
3
4
9
7
14
20
2
8
6
1
9
12
8
10
20
20
11
8
10
2
20
10
14
5
2
20
10
14
2
11
11
13
7
5
17
10
7
5
5
10
16
11
3
4
4
10
4
5
17
10
18
4
9
2
6
10
3
3
5
3
18
1
13
3
3
12
2
14
17
8
5
19
18
13
5
16
10
19
17
13
11
7
6
10
13
20
12
7
14
7
13
10
8
10
19
14
16
14
9
5
13
9
17
3
3
5
4
9
18
4
1
4
18
14
19
2
7
3
6
12
6
2
11
16
8
14
9
9
18
10
6
15
15
4
10
17
2
2
17
12
15
5
15
2
13
16
9
13
3
18
12
13
20
4
19
4
5
4
4
9
18
13
8
9
7
2
14
8
16
19
2
3
19
9
19
4
19
5
14
20
6
9
13
9
9
14
14
16
6
12
5
4
17
9
18
10
10
15
5
12
6
2
13
5
20
11
4
13
2
19
20
3
4
19
4
5
16
6
9
1
15
6
6
17
18
11
4
11
9
5
13
14
8
18
5
14
10
18
4
19
1
7
5
6
11
5
5
4
4
2
4
12
15
8
9
20
19
14
12
18
1
12
3
8
1
8
13
3
13
3
9
17
8
5
2
4
9
15
18
3
14
3
19
14
14
17
13
9
19
19
1
14
11
2
20
7
19
4
10
19
12
6
8
13
18
6
9
6
8
14
9
19
15
1
