12
16
16
14
11
13
19
1
9
12
18
1
11
14
4
13
18
8
16
16
12
5
15
7
3
10
1
5
3
20
3
8
4
19
18
18
6
1
2
9
2
13
12
12
19
14
17
9
14
6
20
19
8
7
2
1
13
16
3
16
16
8
20
8
12
17
10
1
8
5
12
18
14
2
9
12
16
5
8
9
19
18
17
3
1
13
16
7
12
7
15
16
13
19
11
20
14
4
17
13
19
10
6
16
4
11
6
17
19
18
1
10
8
10
14
3
1
15
12
16
10
7
11
13
14
2
15
19
14
14
13
5
2
13
16
20
20
19
16
18
20
10
6
8
20
3
2
13
15
7
5
2
17
10
1
13
20
19
5
11
6
13
11
19
1
13
17
19
4
11
16
20
8
12
4
2
11
6
5
8
8
11
17
18
18
5
19
3
9
14
1
3
6
7
18
3
11
12
16
8
13
1
11
11
5
2
14
2
20
9
14
10
20
6
10
7
15
19
6
5
2
20
5
3
1
16
2
9
20
13
7
5
14
10
6
7
11
15
9
8
14
15
11
8
16
7
5
18
12
15
12
2
14
5
12
19
16
3
8
17
8
18
6
15
20
8
6
4
18
19
12
7
17
19
2
17
10
4
8
6
6
6
16
2
8
11
1
6
3
7
14
3
4
11
10
10
8
11
3
12
