13
13
17
8
1
10
5
9
5
5
20
3
8
5
6
13
10
6
19
17
8
2
10
11
18
2
12
4
9
19
18
17
13
18
10
13
8
9
17
19
12
14
16
6
4
17
13
5
15
8
9
12
11
11
11
12
20
9
8
16
4
12
8
20
7
20
16
13
3
12
17
16
3
15
10
14
10
5
1
10
17
20
12
18
9
4
16
5
6
3
16
12
20
7
14
10
5
6
19
7
9
11
14
13
20
17
11
5
3
20
18
5
7
1
1
7
1
13
5
3
12
16
5
19
15
19
18
12
16
19
15
19
6
20
13
15
7
19
1
3
12
10
19
13
2
1
4
10
10
8
12
17
11
10
6
4
2
5
14
17
3
1
4
17
18
16
5
3
2
3
16
17
18
3
4
3
15
10
11
20
17
15
4
9
8
1
20
4
12
8
9
7
11
9
19
2
20
19
9
9
13
17
13
15
15
18
13
7
2
3
10
14
10
14
2
4
6
7
8
18
10
3
5
2
16
13
20
13
20
7
10
7
17
20
13
20
16
9
19
5
19
16
7
16
18
19
12
19
7
11
15
10
18
20
17
1
16
3
18
20
11
4
20
20
20
2
4
8
13
19
6
19
19
6
11
5
4
4
3
12
14
16
3
13
20
19
3
14
4
10
2
13
17
2
17
17
11
17
13
12
