14
5
11
13
19
8
17
19
5
10
1
9
14
4
19
16
1
19
19
5
11
16
1
5
15
4
10
9
19
13
18
5
8
11
18
4
6
4
19
9
19
7
4
4
17
5
20
4
15
13
11
8
13
10
12
1
4
5
18
10
20
11
11
3
14
16
9
1
11
5
5
4
9
19
20
15
20
1
4
18
9
14
12
9
11
14
6
19
7
17
4
20
14
5
16
17
4
20
5
5
16
5
13
12
15
3
18
14
16
19
15
2
3
13
9
5
18
15
10
15
4
18
16
19
1
7
16
16
5
3
15
15
20
1
7
14
6
3
16
7
5
4
15
16
2
14
11
16
14
15
13
18
11
10
11
14
3
2
19
13
2
12
16
10
19
8
19
2
3
8
11
7
13
15
4
2
13
1
3
8
11
2
15
3
16
11
19
3
16
8
3
9
8
9
8
19
12
8
11
6
16
18
1
14
8
1
6
15
15
20
7
9
13
10
1
8
8
17
6
8
10
16
15
4
18
8
17
7
4
20
1
16
14
9
13
12
6
4
6
13
15
1
17
10
7
14
18
12
1
4
18
16
4
20
8
8
5
20
11
13
12
5
20
8
3
13
2
14
19
1
1
17
5
5
12
20
18
17
6
17
1
10
6
16
20
18
15
11
13
5
2
1
2
20
10
15
17
20
8
18
16
20
2
10
3
3
19
18
20
1
11
10
13
3
9
20
10
2
9
15
12
15
15
15
18
12
5
4
18
15
5
10
6
17
1
14
8
9
14
18
14
11
15
14
5
10
13
18
1
3
20
14
16
14
2
19
13
4
1
11
6
11
1
14
15
3
6
17
12
8
14
20
15
1
10
17
19
6
2
5
20
15
12
11
16
19
6
11
15
1
12
1
3
4
10
19
19
13
19
11
7
20
11
14
19
11
2
8
1
13
4
20
18
18
12
8
13
14
7
12
14
1
16
20
13
14
16
16
16
18
14
1
19
9
14
13
9
2
15
3
19
19
10
1
13
19
20
3
9
16
14
4
4
5
8
1
19
10
13
13
20
1
20
5
4
18
14
19
12
2
18
19
7
16
13
3
13
4
2
16
6
11
19
9
4
9
7
13
12
1
13
5
8
9
1
6
9
6
3
19
9
4
17
16
20
15
12
2
14
15
7
20
8
20
9
15
14
20
10
5
7
14
16
20
20
14
3
17
5
17
11
3
17
4
8
6
17
13
5
18
6
7
16
12
18
17
14
13
7
12
8
10
7
12
7
3
13
10
11
5
5
17
16
2
18
9
19
9
11
6
2
4
14
18
3
2
12
4
11
5
6
4
10
3
9
15
1
5
13
8
10
20
16
2
3
1
20
6
4
9
7
17
13
9
1
4
7
9
12
8
1
18
4
3
10
13
7
7
18
2
20
17
20
13
4
3
16
2
16
6
10
15
5
15
12
7
11
4
16
20
12
3
4
4
1
3
9
8
19
7
2
8
9
2
10
14
9
8
1
20
11
7
15
6
1
15
12
19
8
8
13
18
17
11
20
9
5
14
15
9
6
11
12
7
14
5
7
4
7
4
14
2
16
7
8
18
7
9
14
14
4
6
1
9
7
3
17
16
7
2
14
19
15
3
12
13
4
2
15
9
18
15
14
13
17
11
10
4
4
16
5
8
13
5
5
20
7
14
16
5
20
16
1
19
16
14
2
15
15
14
5
5
14
6
20
19
7
10
1
19
1
3
10
2
13
14
7
9
19
5
9
10
20
6
17
19
1
15
5
12
12
7
2
15
8
17
11
1
12
15
18
19
16
18
6
20
15
2
6
18
7
13
1
3
11
5
1
14
6
2
5
2
14
13
20
17
18
8
8
4
3
15
8
20
8
9
4
6
6
15
10
14
14
20
2
12
13
13
12
15
10
6
12
14
14
6
8
10
20
20
14
1
8
8
4
12
15
1
13
6
7
7
5
9
19
6
14
4
14
20
19
18
1
1
13
14
11
17
9
6
1
18
1
13
5
4
11
17
1
19
17
13
20
10
17
1
7
6
7
6
5
13
2
1
6
6
11
10
1
18
7
14
13
11
8
13
15
7
13
3
2
4
15
17
13
18
2
3
2
10
11
4
13
10
12
11
15
5
15
16
7
6
12
1
15
3
15
18
18
4
20
11
18
10
2
19
8
1
9
15
14
1
7
10
10
6
4
8
11
3
18
17
5
3
10
13
1
6
20
9
19
5
19
9
17
7
7
12
12
19
15
11
3
16
18
9
17
20
15
3
