15
6
20
14
8
8
14
17
16
19
16
7
18
12
15
1
16
14
6
3
13
10
7
18
6
3
15
3
13
1
12
1
3
10
17
19
15
2
17
12
13
17
7
7
19
16
19
12
20
6
12
14
12
20
3
10
20
11
15
1
6
10
19
13
5
3
6
10
17
19
9
1
19
11
16
6
11
10
11
14
19
9
15
8
4
8
17
18
6
11
6
14
17
7
16
16
19
17
15
15
1
1
6
4
16
13
9
14
9
16
14
10
14
2
11
7
18
8
11
9
13
8
6
6
11
4
18
3
19
9
17
19
16
16
7
18
10
9
19
7
9
6
5
13
4
1
18
8
3
2
6
14
7
9
11
20
14
3
10
7
20
2
3
16
11
20
1
7
3
15
7
13
16
3
14
17
3
15
14
12
4
9
14
18
3
3
4
20
11
10
9
8
2
6
16
3
14
11
1
8
9
1
15
11
8
17
10
12
6
17
7
2
5
12
10
3
16
15
9
10
1
3
12
20
11
20
5
9
2
19
8
11
1
8
19
5
16
9
14
9
6
10
9
12
11
4
2
4
1
17
1
16
3
19
20
8
18
10
7
19
9
15
3
10
16
4
7
14
11
18
11
19
12
11
12
8
12
13
18
1
1
19
12
17
14
5
20
14
15
9
17
4
12
11
12
17
14
2
10
7
3
9
11
5
11
4
1
9
19
2
17
3
10
14
14
2
9
15
2
11
16
18
9
3
1
14
8
9
11
1
1
1
2
18
20
17
16
2
13
13
13
6
17
12
2
15
14
20
12
17
16
1
12
20
12
9
2
6
19
7
13
4
5
7
19
15
14
11
7
18
19
14
4
2
19
5
11
15
17
5
13
1
6
12
18
2
18
8
4
2
5
11
17
14
20
11
15
4
19
8
15
14
12
4
6
5
4
15
11
11
17
16
8
1
14
11
18
13
1
2
6
1
8
10
2
20
2
12
19
4
16
11
14
9
7
1
11
2
6
19
16
5
5
14
4
15
9
15
13
20
6
1
18
18
12
9
16
5
15
11
7
18
17
18
14
19
14
16
18
19
1
6
6
19
9
2
15
20
5
11
6
16
10
16
14
3
7
3
11
13
1
15
1
3
11
3
3
9
17
7
10
11
5
14
13
1
3
2
20
11
1
19
2
13
6
4
18
6
6
7
1
18
9
11
3
13
20
2
3
11
8
1
16
4
17
17
15
2
4
13
3
18
14
10
4
11
9
16
9
12
12
8
12
1
6
12
19
17
16
20
14
20
6
12
18
6
6
6
14
20
9
15
17
6
2
15
7
6
3
11
4
13
11
13
13
11
9
8
12
12
13
14
9
14
17
7
6
9
13
4
19
13
1
19
3
3
20
5
10
17
13
7
15
17
6
5
20
9
19
18
16
14
4
15
3
16
13
2
14
8
20
5
7
18
5
3
8
17
19
6
2
3
14
1
14
5
10
1
5
5
13
14
17
17
7
5
5
9
7
15
4
14
13
13
11
1
6
1
13
13
10
9
6
19
17
9
8
8
13
15
12
19
12
14
5
5
14
19
2
19
14
11
11
4
15
1
18
4
19
10
15
8
17
2
20
19
8
13
16
14
5
9
1
13
10
5
1
4
17
6
1
14
3
6
20
16
13
10
9
3
6
5
6
7
5
18
7
11
14
19
20
10
16
2
2
3
17
9
6
4
20
20
15
10
16
5
16
7
2
14
17
19
16
2
5
13
9
7
16
1
4
5
13
10
12
8
3
2
12
20
18
13
3
5
9
14
16
20
7
12
10
12
16
19
8
13
2
3
16
4
11
10
8
16
1
6
9
1
3
19
14
12
9
13
1
9
20
1
8
7
4
2
8
11
16
5
4
4
12
7
1
20
8
15
1
7
14
11
8
13
12
19
19
19
2
20
17
4
9
1
19
7
11
3
7
14
11
11
3
7
4
13
5
10
11
14
7
9
6
6
8
16
20
17
5
20
15
14
15
8
4
7
20
7
20
2
8
2
7
9
6
3
16
16
13
18
12
19
17
19
17
4
15
10
11
1
19
8
18
19
18
20
19
13
12
11
6
17
5
12
8
9
5
12
7
1
10
14
6
13
12
10
12
1
16
13
17
19
15
3
4
14
15
1
6
14
16
6
1
16
12
1
14
2
14
6
1
4
9
5
5
12
9
12
1
7
18
12
7
9
3
14
5
3
12
15
7
6
7
11
20
19
2
4
11
14
19
12
18
15
4
11
16
5
12
5
4
13
16
17
