8
1
6
2
19
20
14
14
17
12
9
11
15
11
10
11
11
1
3
19
16
14
7
11
6
11
5
5
1
3
19
12
10
2
2
1
19
14
11
8
2
18
10
15
5
1
11
16
17
9
20
15
15
18
3
19
4
1
9
10
17
17
16
2
3
3
4
14
20
14
17
11
1
4
7
10
11
20
4
3
19
6
7
17
6
9
10
12
5
17
14
7
8
17
18
16
3
2
18
1
19
15
10
17
7
13
6
17
12
8
3
7
19
19
6
13
16
20
4
12
16
12
19
9
4
16
18
16
15
10
3
20
2
15
14
10
7
16
17
20
8
7
14
16
12
16
14
9
7
10
17
13
5
19
5
17
14
9
4
12
20
18
11
18
15
14
9
19
20
12
20
20
12
15
7
5
16
15
1
19
3
20
17
2
9
11
16
12
5
20
16
8
4
18
1
8
15
1
8
2
6
13
19
2
14
20
19
3
6
4
18
3
2
6
12
10
2
19
12
19
12
9
12
18
2
2
14
13
15
10
14
1
2
12
18
9
12
10
10
19
18
7
12
5
11
15
8
17
20
5
