18
10
5
6
17
3
8
2
16
17
2
9
17
13
9
14
10
14
12
7
5
1
18
13
10
13
8
4
17
12
1
13
7
1
9
6
14
3
5
5
9
3
17
12
20
5
10
17
4
10
20
12
13
20
9
12
4
7
16
10
14
3
8
6
14
2
10
7
7
1
8
17
12
4
10
17
6
17
17
20
6
15
4
7
20
12
19
8
19
10
1
18
11
11
3
20
20
13
9
15
15
13
20
17
11
2
18
12
5
19
12
15
12
14
17
19
17
19
3
8
1
11
1
9
10
13
11
20
9
10
14
18
6
6
18
17
7
17
5
16
3
1
11
19
3
8
8
6
18
4
16
18
5
19
7
7
8
13
8
19
19
11
2
13
20
14
16
8
1
20
6
12
17
6
8
15
1
19
2
13
5
8
20
8
5
11
1
15
5
4
5
14
17
5
5
19
19
2
20
17
3
4
20
19
17
4
18
1
5
7
1
1
1
2
5
14
3
11
5
16
3
14
2
8
12
7
19
18
16
15
10
1
5
2
20
18
15
5
12
14
8
12
5
16
1
2
12
17
13
8
7
12
16
17
15
17
4
20
16
4
17
12
20
2
18
9
1
9
13
8
18
6
10
10
9
2
17
3
8
17
1
19
18
19
14
17
12
13
14
7
12
1
7
4
8
8
3
17
17
4
18
5
7
11
8
16
9
8
15
20
1
3
14
6
14
20
6
8
12
14
13
14
11
9
19
20
4
8
2
9
9
19
12
5
20
9
12
15
20
5
16
17
18
18
15
17
20
18
4
4
13
15
1
10
12
13
13
13
15
11
17
1
10
15
17
16
7
18
2
14
4
7
9
11
5
7
13
20
19
18
1
10
7
10
8
6
1
19
4
6
16
10
2
1
14
5
20
7
18
19
5
16
12
3
2
1
19
6
5
2
20
13
6
19
14
5
13
7
8
1
3
16
9
10
4
13
16
4
7
6
18
20
18
15
1
9
12
13
17
20
10
2
8
11
6
16
13
8
20
9
15
14
7
6
18
18
9
6
16
18
14
10
7
7
19
9
6
11
12
13
18
16
13
15
11
9
15
20
3
10
9
19
15
16
6
3
20
14
14
10
12
3
9
3
17
11
6
18
12
11
20
1
4
4
3
16
4
18
19
3
17
14
5
2
15
16
5
11
12
5
14
10
10
14
18
1
4
19
5
20
1
9
15
10
9
6
3
12
7
2
15
9
2
8
19
14
2
17
7
18
5
12
7
1
8
16
10
19
20
19
17
11
11
11
9
2
17
18
7
20
