11 4 16 13 18 20 9 7 9 4
2 2 13 7 20 16 7 4 19 15
632
14 14 7 16 5 18 7 8 16 12 8 13 12 12 2 20 4 5 3 14 20 9 12 18 2 4 16 6 11 5
10 12 10 15 6 11 12 17 13 15 17 18 6 16 18 12 9 19 9 10 20 11 1 18 19 20 4 3 13 15
699
17 8 10 12 13 15 18 3 2 16 3 18 15 11 6 13 20 8 4 3 20 4 5 20 8 14 7 10 13 6 8 4 4 3 9 9 17 4 15 16 5 11 20 17 20 18 7 12 4 9 18 11 19 16 20 13 11 4 7 3
6 3 14 13 18 20 11 8 16 20 11 6 20 3 6 19 12 20 6 19 4 3 6 15 11 8 16 10 5 18 20 3 5 10 14 5 13 4 17 12 17 6 12 7 11 14 8 4 13 3 15 7 18 4 1 12 20 16 3 1
1254
4 19 9 16 8 17 4 12 5 10 20 2 1 13 14 6 3 17 13 13 11 3 19 12 20 17 14 14 15 12 3 17 10 6 8 20 2 3 12 8 3 8 15 1 4 20 10 3 16 20 1 9 8 3 9 13 17 2 7 11 18 2 15 4 11 4 16 9 1 6 18 9 6 3 3 8 14 3 10 17 1 1 6 1 9 19 3 6 12 13 10 6 11 17 13 20 5 1 4 10
7 12 9 16 10 17 15 14 17 19 14 20 5 9 16 7 8 7 1 11 15 3 5 14 3 15 2 17 6 16 14 5 4 18 19 3 9 7 8 8 1 8 6 2 18 7 14 20 9 20 4 16 1 8 1 16 11 1 19 17 6 16 18 8 2 13 5 8 8 19 11 6 18 5 11 4 5 17 8 20 2 8 2 18 4 17 2 9 5 14 9 10 19 3 2 18 1 15 2 16
624
6 8 1 1 15 10 11 14 7 10 11 14 14 14 4 13 13 3 9 7 5 8 20 5 18 1 1 18 16 13 4 20 20 9 18 6 17 4 11 12 8 1 12 20 5 1 20 6 5 13 11 5 2 6 14 14 12 5 10 2 17 5 18 9 20 14 17 9 19 4 8 7 2 11 20 11 8 11 6 1 13 15 17 19 7 6 6 11 17 15 10 9 1 19 8 8 1 15 14 14 15 12 13 7 2 6 5 19 5 6 12 18 13 18 12 5 14 18 15 9 12 3 1 15 12 17 18 2 9 15 10 10 13 17 8 2 16 14 2 6 20 4 2 8 16 9 4 2 3 1
12 9 17 19 16 10 6 5 11 8 4 10 7 9 7 19 18 11 2 14 2 10 14 9 4 19 8 1 3 2 6 3 8 17 4 5 7 2 14 2 10 3 15 15 1 7 2 19 12 10 2 8 10 17 3 12 14 15 10 13 20 15 19 16 14 1 12 16 16 5 6 7 14 2 12 16 18 10 16 16 11 12 12 1 20 19 14 2 6 12 1 14 7 9 9 19 7 15 2 20 3 20 1 10 20 16 18 11 3 5 3 2 12 7 3 10 12 17 14 8 3 5 5 1 3 13 11 2 16 12 7 16 16 10 16 17 10 5 17 20 7 9 12 9 16 20 14 2 13 17
601
5 1 19 19 11 17 6 2 19 17 6 6 13 4 20 10 11 6 17 16 14 7 13 6 15 2 9 16 15 7 16 4 3 7 18 8 7 10 7 6 2 13 14 9 5 11 10 6 12 18 5 17 19 18 10 8 18 11 17 3 1 12 8 16 4 6 12 15 6 14 6 20 8 6 15 5 18 20 7 14 8 17 9 3 10 2 10 6 9 8 20 11 20 18 19 12 11 11 7 13 3 3 13 16 6 9 3 11 2 6 11 8 18 11 2 9 2 16 13 6 2 18 2 13 9 19 12 13 17 16 1 15 15 12 12 20 1 15 18 12 1 1 2 5 18 7 18 19 12 2 2 12 5 9 4 1 19 14 6 6 9 1 1 15 17 10 5 8 14 13 2 1 11 16 14 11 7 9 1 14
6 16 15 10 9 10 16 14 7 5 9 7 2 7 18 6 7 9 9 2 10 15 19 18 18 14 20 17 6 7 3 11 16 10 19 11 3 14 4 20 3 7 1 9 2 9 9 19 12 12 13 7 4 19 19 14 2 16 4 14 15 4 19 13 3 17 12 10 20 20 6 1 1 8 15 18 12 12 8 6 4 14 13 8 3 14 20 14 16 11 9 10 2 8 20 7 17 7 19 14 7 5 17 15 13 12 7 18 10 9 6 14 18 12 4 12 17 18 17 13 5 1 6 4 2 14 2 14 4 3 18 7 6 14 4 6 10 18 5 18 16 13 14 17 13 2 5 1 18 3 19 7 8 6 19 20 9 17 7 18 13 9 8 14 10 5 20 19 2 20 4 18 15 3 16 12 9 15 8 6
769
4 6 6 6 10 15 5 8 8 19 13 6 17 19 6 5 6 12 11 10 16 2 20 15 15 4 5 18 16 11 7 5 2 7 19 4 7 15 15 15 10 17 19 2 10 16 13 12 4 9 4 2 2 5 5 14 2 9 12 14 20 17 7 7 15 12 1 3 4 1 8 17 1 8 7 19 4 15 8 11 17 2 4 20 13 17 12 12 3 16 4 8 19 3 12 12 16 1 3 7 7 11 4 7 2 3 15 7 12 18 16 1 6 18 3 5 14 4 11 18 10 12 18 19 18 4 17 13 13 1 10 9 14 13 10 12 19 9 6 19 2 2 13 7 9 7 3 4 20 12 15 13 9 6 4 20 14 16 13 8 9 18 3 5 9 12 9 10 5 7 9 18 10 18 9 3 10 3 7 14 19 18 10 8 14 13 20 1 9 12 19 16 18 17 10 4 4 12 18 13
15 3 9 2 3 4 19 6 16 19 6 16 9 2 15 10 11 1 16 17 17 5 12 16 17 8 2 12 2 5 16 19 10 11 6 7 12 8 14 2 1 15 3 18 19 11 14 5 1 5 6 20 16 7 9 2 15 1 9 19 3 9 3 20 18 16 1 4 10 13 4 6 17 20 19 17 7 20 7 14 16 8 6 7 6 8 5 8 11 15 7 18 19 18 9 7 11 13 2 4 3 2 13 17 12 10 14 16 5 5 18 2 3 6 17 20 17 5 7 5 7 17 15 6 9 13 5 2 18 17 12 19 5 18 17 15 6 16 4 8 18 19 3 6 20 7 11 11 20 19 10 11 6 19 15 2 14 2 16 12 4 10 18 2 18 19 11 8 1 20 9 4 19 4 16 9 3 8 15 17 2 20 2 5 14 1 20 18 2 7 13 12 5 1 12 20 3 5 11 1
1195
17 19 17 2 7 18 7 5 11 7 11 7 16 7 7 2 14 10 6 8 7 4 3 7 2 17 17 11 1 12 17 19 19 18 11 18 11 14 9 9 13 9 12 17 15 5 13 5 11 1 9 9 15 7 18 16 19 1 9 1 4 1 4 19 14 17 9 4 7 17 4 3 12 9 16 2 16 20 12 6 17 4 16 16 7 13 5 10 20 6 19 12 17 3 11 20 20 19 7 12 3 5 13 12 2 5 13 16 15 3 17 20 2 10 14 19 19 12 2 1 20 12 17 19 4 8 8 5 1 2 6 7 12 20 10 7 10 12 18 9 19 7 11 1 15 19 10 10 4 20 9 10 19 12 7 13 15 14 12 6 17 4 7 19 5 12 6 3 1 16 20 18 13 3 6 11 20 16 6 8 13 7 9 6 12 6 8 15 8 2 6 4 2 7 8 13 19 14 10 11 2 10 3 1 20 11 9 15 17 20 9 20 8 9 17 7 12 6 6 3 20 19 13 1 9 11 13 9 13 4 13 1 6 5 4 7 14 2 18 12 2 2 18 10 7 5 14 2 3 10
19 16 15 10 4 9 18 13 13 5 13 15 5 5 18 8 17 10 2 20 3 2 16 15 14 14 3 1 4 10 1 12 10 1 11 14 5 6 7 17 2 16 17 16 3 9 15 14 2 5 1 13 7 5 1 16 3 20 13 16 19 2 6 8 10 16 8 18 6 6 14 6 14 15 7 16 11 18 19 6 16 3 14 7 10 12 20 10 13 15 11 5 5 9 1 16 14 2 12 13 4 9 1 2 10 17 17 18 14 12 18 18 1 18 5 20 5 10 13 18 10 3 13 4 17 14 17 8 8 6 14 11 12 17 18 2 16 20 6 12 2 8 7 19 19 20 15 4 19 15 15 14 7 19 20 6 4 1 13 9 4 6 19 11 3 19 9 1 18 14 16 13 2 14 19 16 6 13 8 17 7 6 13 14 20 7 2 13 9 18 16 2 14 6 14 12 20 9 5 14 4 15 6 10 20 4 19 14 15 3 13 20 11 10 7 17 4 5 1 11 2 15 20 13 13 17 13 13 4 2 7 9 10 1 12 14 19 3 16 11 16 20 18 20 14 6 15 15 9 16
1701
1 3 16 12 9 4 6 4 1 7 15 19 2 1 16 15 11 11 5 16 20 17 7 6 6 2 11 11 2 17 9 1 15 20 7 18 3 16 14 7 15 14 11 7 6 7 5 8 13 20 10 10 15 1 2 16 20 17 1 11 19 1 13 5 10 2 11 13 14 16 13 16 11 5 1 3 3 16 7 4 6 3 6 11 7 8 8 17 10 18 7 10 6 5 11 15 13 15 1 6 9 19 5 14 7 13 16 18 6 10 14 4 7 16 19 14 3 2 7 15 4 16 2 13 11 12 2 3 3 11 15 2 9 14 4 20 9 1 7 3 20 17 5 6 1 5 11 11 3 4 9 15 1 1 2 9 4 13 9 16 13 6 8 6 9 19 14 18 12 2 3 10 6 13 17 18 1 2 1 9 1 4 1 17 2 17 3 10 14 5 14 9 2 9 6 18 1 14 2 14 9 7 1 10 12 5 10 5 2 10 3 1 8 13 6 18 6 4 20 20 5 20 15 11 15 15 2 7 14 20 14 7 19 7 17 5 13 6 20 2 17 4 14 7 9 2 11 3 1 15 4 1 6 4 7 6 6 19 12 10 18 9 7 15 7 11 7 12 18 8 1 5 10 16 16 1 14 9 2 5 3 17 10 13 20 11 20 14 15 9 18 9 20 8 1 14 13 6 13 13
6 11 13 18 19 9 16 11 16 3 18 16 20 16 13 1 6 1 16 10 1 1 13 17 1 19 3 17 20 4 10 8 15 17 11 5 10 15 20 5 12 11 11 15 4 2 1 20 16 8 17 5 13 20 12 16 6 12 6 20 5 20 18 15 15 10 17 12 4 16 9 18 5 5 15 16 6 6 18 3 12 2 18 18 10 2 4 7 7 8 20 17 4 4 5 13 19 14 3 12 20 20 9 15 6 2 8 16 13 4 18 10 7 13 19 15 3 3 17 11 6 8 5 9 6 17 13 14 13 19 19 18 19 13 12 16 10 17 16 16 15 11 19 19 3 11 12 7 13 13 15 2 4 6 9 18 7 10 8 11 15 11 16 11 8 10 8 3 19 18 9 8 13 4 17 16 12 5 1 12 6 5 8 8 5 1 17 1 19 18 2 16 6 8 8 1 13 2 10 4 10 15 20 9 12 19 2 14 2 4 17 15 3 17 1 19 9 3 16 9 9 11 10 1 2 13 10 18 12 10 4 1 18 7 9 11 18 5 12 19 3 20 8 7 20 1 17 5 12 8 12 14 7 12 7 11 2 15 2 20 14 2 11 8 1 6 3 16 7 16 4 1 8 3 3 12 1 7 6 10 12 5 17 5 11 7 10 19 15 3 11 17 20 4 6 3 17 9 3 4
954
4 19 10 15 14 2 6 13 5 20 5 16 4 2 13 11 6 7 3 19 13 2 17 13 13 20 5 20 1 19 17 1 14 2 14 6 17 2 12 19 18 12 12 6 11 5 20 12 6 9 14 6 2 3 15 15 1 6 4 14 16 12 2 5 1 15 5 18 5 14 4 7 5 15 3 4 12 4 16 6 10 1 17 1 11 20 9 16 7 17 13 8 1 1 12 13 17 6 10 18 15 5 14 16 15 16 15 8 10 14 2 14 6 18 7 20 7 17 15 4 10 3 3 20 10 1 16 18 17 19 12 12 10 18 16 19 13 8 20 5 19 17 2 20 7 20 6 12 4 8 17 1 5 15 10 3 13 10 15 5 9 20 14 12 9 17 18 20 14 6 15 2 9 5 20 14 1 17 12 8 10 9 3 20 13 19 10 1 1 15 14 1 7 1 6 6 11 16 8 11 11 12 20 6 19 1 13 4 9 16 4 19 16 19 15 9 14 4 17 1 9 11 18 18 15 8 3 3 7 11 4 20 14 17 12 7 20 8 8 3 16 20 7 2 7 18 19 5 10 17 4 15 6 15 13 2 12 5 2 4 8 17 17 6 13 13 15 6 6 6 4 17 1 17 20 13 4 4 12 7 18 10 11 18 8 16 4 9 11 13 11 7 20 13 17 19 11 17 5 11 16 7 5 9 6 8 9 15 19 15 14 14 18 11 12 18 6 14 3 13 14 5 17 2 1 20 15 7 4 3 11 4 7 17 4 5 3 2 19 1 12 5 13 16 18 5 17 11 4 20
9 18 7 11 6 8 11 15 13 20 4 12 9 3 14 20 16 6 12 13 16 8 20 19 8 11 14 7 2 19 12 20 18 15 12 4 20 18 12 13 19 14 15 7 1 20 7 4 12 20 16 3 10 6 13 6 15 14 15 13 17 20 18 2 5 3 9 19 6 8 8 12 4 8 17 15 1 7 9 14 10 10 16 16 10 4 4 12 3 15 18 4 8 15 19 5 5 12 1 8 6 16 14 8 15 13 19 12 16 12 3 17 12 4 3 3 15 8 20 13 11 12 19 19 4 4 2 7 18 7 17 7 6 18 4 9 17 16 13 15 5 5 19 6 17 5 5 19 18 3 20 3 11 12 8 3 15 7 7 18 10 12 8 15 16 8 15 9 1 4 16 15 10 18 11 7 20 9 15 18 13 18 14 14 5 7 18 15 18 6 7 13 15 19 14 4 6 18 16 1 1 8 13 14 8 11 9 5 1 8 7 5 8 10 5 13 16 6 2 10 5 2 17 15 3 19 19 1 11 7 17 18 16 3 3 12 13 6 5 9 3 3 16 13 8 16 2 20 20 11 2 8 17 5 9 12 8 19 15 1 6 16 15 17 11 11 5 9 9 12 19 13 13 6 2 17 16 16 14 5 5 12 18 6 19 15 2 1 4 9 10 9 11 12 18 7 9 10 1 7 14 15 11 1 20 1 2 12 4 16 18 14 9 2 20 2 1 3 18 3 2 15 6 4 12 15 5 20 12 7 11 13 13 5 14 15 14 3 14 11 5 9 10 17 19 3 6 5 12 9
1861
