18 8 16 15 19 8 9 1 18 15 
17 15 5 2 8 16 3 13 5 12 
166
11 12 19 14 14 12 17 10 6 6 
16 3 5 14 9 10 18 11 3 7 
149
8 9 3 18 5 4 19 10 3 18 
19 11 19 10 6 9 17 2 2 13 
178
9 11 18 4 14 10 17 2 8 15 
14 3 5 2 2 18 5 5 13 12 
93
17 20 15 12 10 12 10 14 10 5 
3 17 15 2 18 10 9 12 19 1 
162
7 4 2 10 14 1 16 9 20 1 
17 7 1 1 13 8 18 10 1 6 
68
9 8 6 14 1 3 20 10 9 18 
4 10 7 13 11 14 8 7 7 6 
87
7 3 17 7 7 19 19 15 18 15 
9 14 19 8 10 7 15 5 17 4 
127
20 17 17 6 1 11 5 12 6 20 
6 20 19 18 7 5 11 12 13 13 
175
6 8 12 13 8 15 3 9 5 2 
17 17 10 17 11 5 12 3 11 20 
138
