14 13 5 13 15 20 17 2 14 5
7 5 1 12 20 10 20 4 18 13
22
18 11 11 5 10 20 4 14 7 19 8
12 10 17 2 14 19 6 15 18 12 7
113
20 14 11 15 14 19 20 9 1 18 19 18
10 4 15 14 1 17 18 20 6 10 13 3
197
10 4 1 20 15 10 20 16 3 5 2 13 9
7 9 4 5 20 5 11 18 8 1 18 6 10
102
4 2 20 20 19 11 12 17 20 9 2 14 5 4
14 19 7 6 19 14 1 4 6 20 2 6 10 9
50
11 3 12 6 6 7 12 6 5 7 13 15 11 19 3
11 19 11 5 7 14 2 3 20 20 6 10 18 17 7
64
14 8 14 5 17 18 19 11 1 9 15 18 3 11 16 5
10 5 8 2 16 17 19 9 18 7 11 19 14 4 19 7
125
3 2 20 20 10 18 3 14 20 17 1 19 18 8 4 15 10
13 1 11 19 6 11 9 7 15 7 4 13 7 17 20 16 4
132
19 14 6 20 5 7 9 19 17 11 9 17 18 10 14 14 15 13
3 4 18 7 17 13 12 17 3 19 20 19 18 10 9 17 9 16
58
5 5 9 18 4 1 20 14 19 12 16 12 8 20 2 18 5 19 20
15 3 4 20 3 19 13 13 8 19 16 18 8 18 4 17 15 9 2
33
2 20 2 20 18 15 6 11 20 6 15 8 14 1 15 9 8 1 11 3
18 16 5 19 3 10 19 8 2 11 12 8 2 6 6 3 6 16 5 11
16
2 12 2 11 6 14 7 16 8 12 7 17 16 10 3 4 9 20 3 6 19
15 20 7 16 7 1 10 1 11 5 20 9 13 3 12 2 7 18 6 20 17
145
3 2 12 7 20 3 16 14 6 2 8 2 9 19 3 7 16 5 6 3 3 11
16 15 11 19 19 10 4 14 20 12 3 3 8 13 15 5 18 5 3 13 11 2
174
13 15 4 4 14 6 12 6 3 9 11 18 17 20 18 19 16 17 10 9 3 12 17
2 7 13 17 7 9 2 11 12 12 18 5 17 8 7 2 2 11 18 18 18 8 4
85
2 14 20 16 15 2 7 8 4 4 5 6 7 2 9 8 11 7 13 2 19 1 1 15
19 11 15 15 6 16 1 8 4 15 14 18 2 1 10 17 13 19 5 17 6 17 12 6
159
6 6 7 6 7 12 7 3 7 4 9 6 17 5 9 14 19 9 20 18 7 20 7 7 18
13 15 7 7 20 9 5 8 10 3 17 2 14 6 7 17 3 17 14 11 5 12 5 5 7
119
1 19 15 13 6 20 7 15 12 15 1 5 13 16 11 18 12 19 18 7 13 6 16 4 2 16
20 5 17 13 18 7 4 5 10 19 20 8 1 9 4 12 6 6 20 5 9 10 6 5 7 9
124
18 4 8 11 14 20 9 1 8 15 10 17 17 1 11 12 5 17 12 2 16 1 4 15 5 8 19
5 7 14 20 20 5 8 15 5 8 12 4 9 15 20 13 8 20 4 2 14 15 19 19 8 19 7
59
10 4 6 12 15 18 1 18 6 3 1 12 1 2 9 17 12 16 4 5 19 4 14 16 7 13 12 15
17 3 14 4 9 12 16 19 10 9 14 13 3 8 15 13 7 8 8 5 18 11 10 20 10 3 16 19
184
6 1 15 7 5 17 6 7 3 18 20 7 11 6 20 5 9 12 18 4 4 1 16 16 20 3 7 7 15
2 7 19 10 9 18 7 14 19 18 5 20 8 12 20 18 14 8 18 20 11 20 3 15 9 11 4 12 13
57
10 6 10 1 1 8 12 3 1 19 18 15 5 20 4 13 16 5 9 6 20 17 4 15 1 4 9 3 19 1
15 19 8 20 3 8 1 3 3 3 15 5 20 12 19 17 12 14 20 20 4 16 12 9 14 15 3 4 3 5
87
