11
19
3
9
9
20
1
18
3
20
3
4
4
2
12
6
17
10
15
4
8
4
16
10
1
16
12
4
11
1
2
14
8
13
10
7
8
13
20
7
2
18
13
1
7
7
6
13
14
6
20
16
15
4
6
14
3
11
11
9
15
17
19
7
18
20
19
2
1
11
11
2
13
1
4
19
14
16
2
12
10
2
20
6
6
20
8
2
18
3
4
6
13
11
6
14
14
2
14
11
5
4
2
8
16
12
8
8
18
11
16
18
19
4
8
3
2
20
2
12
19
15
11
3
15
1
20
5
11
19
3
6
17
6
2
14
11
9
5
6
1
19
16
19
8
15
8
13
16
4
6
18
17
17
6
9
2
12
16
7
3
11
19
18
13
6
7
4
6
11
20
11
12
4
15
11
12
7
6
8
10
4
14
2
15
15
18
2
3
17
2
8
8
20
2
5
11
8
6
3
8
5
13
17
11
18
18
12
5
16
5
20
15
14
15
7
3
18
3
15
14
7
15
7
19
1
9
6
9
19
18
10
7
16
4
18
19
12
11
5
14
19
19
2
2
15
20
18
4
5
6
15
15
15
19
17
8
16
6
6
20
20
11
14
4
17
7
6
17
15
19
7
6
18
5
9
16
1
4
7
20
7
11
2
15
8
20
7
10
17
7
19
7
12
11
2
6
18
18
18
9
5
18
14
10
14
1
15
3
1
15
4
7
3
18
2
2
4
20
6
14
4
1
11
18
16
6
7
17
9
13
12
13
3
5
11
12
5
13
18
18
18
11
18
10
5
6
11
17
12
9
9
11
8
6
6
15
9
13
6
20
1
15
12
13
12
1
20
1
15
6
7
4
11
19
5
13
20
5
1
5
15
8
10
10
16
4
19
14
10
5
4
10
20
12
8
10
10
17
16
8
5
6
16
16
6
13
8
2
5
1
1
15
12
13
2
2
1
2
11
18
12
17
4
15
20
5
7
9
13
4
17
20
19
5
5
3
16
10
9
19
10
9
19
11
20
4
13
19
10
6
11
15
7
10
5
6
20
7
16
17
12
16
1
18
6
18
4
13
4
3
10
12
20
19
3
2
15
14
18
7
17
19
1
14
14
9
7
4
1
8
10
17
17
10
7
19
8
8
12
1
9
20
1
10
16
4
19
17
2
10
8
18
10
5
4
9
16
2
14
5
14
3
10
17
3
15
13
19
16
2
6
20
2
1
18
18
14
10
4
18
6
10
5
12
4
6
16
14
1
12
9
14
13
20
1
4
13
11
14
15
2
11
4
9
15
2
12
3
8
