7
8
1
14
16
14
11
4
6
11
17
6
5
6
2
16
11
9
14
19
11
4
1
5
4
1
16
11
11
11
16
3
9
2
9
17
10
5
1
13
5
15
10
9
8
18
9
4
2
2
11
6
8
1
12
15
5
18
20
20
2
19
3
10
15
7
4
13
19
9
10
17
11
18
5
17
16
8
13
12
1
12
9
9
5
17
6
14
9
5
5
2
6
6
16
5
6
13
5
13
1
5
7
4
3
17
13
13
20
16
13
17
11
6
14
13
12
7
18
5
14
15
4
14
9
14
13
20
4
4
17
15
20
19
19
5
2
15
4
13
12
15
11
2
10
9
14
1
16
17
15
9
15
1
16
12
9
8
8
1
4
13
14
17
4
4
12
16
3
19
4
18
3
12
20
20
18
17
18
7
14
13
9
20
9
18
6
2
15
7
16
1
7
8
7
18
5
3
16
14
5
18
16
9
16
17
15
18
1
16
10
1
20
16
18
15
5
7
15
6
8
4
7
13
13
12
3
6
20
14
17
13
15
6
4
10
11
10
9
19
7
7
2
15
13
3
11
7
7
3
