16
11
13
3
9
7
16
8
13
5
19
1
5
20
13
11
19
20
6
5
3
14
2
19
14
19
16
3
10
12
2
1
11
8
10
4
18
15
16
6
18
16
6
11
5
14
1
20
13
13
7
9
1
20
10
10
18
5
11
18
6
15
2
19
9
5
14
19
7
16
12
6
8
1
14
10
5
9
3
5
10
18
20
16
15
6
10
15
4
12
9
14
2
18
1
5
5
6
15
19
6
11
1
5
7
6
11
3
4
5
4
3
13
19
13
20
9
1
19
7
14
3
6
14
18
20
3
9
4
17
19
4
8
5
7
14
10
12
16
11
17
16
5
4
13
10
13
4
7
2
4
2
19
1
5
14
3
11
7
13
12
8
7
11
14
12
20
10
6
9
19
15
2
7
19
6
12
1
2
4
18
17
1
12
17
20
10
14
11
6
13
18
7
10
7
5
4
9
6
1
11
13
12
13
19
11
16
11
15
18
2
2
4
10
20
16
15
6
15
14
2
5
3
8
11
12
1
15
4
20
4
16
10
7
6
14
12
19
15
2
5
14
12
1
3
4
9
14
16
20
9
17
3
18
13
5
7
11
19
7
18
10
18
1
11
5
11
7
16
5
3
6
20
17
19
8
15
11
6
3
5
10
1
19
18
8
7
2
14
9
13
13
16
1
19
6
14
8
20
17
17
4
19
16
6
12
4
12
1
11
9
15
13
2
1
15
8
17
8
12
1
12
17
2
3
9
20
16
5
11
15
19
9
20
20
18
16
11
4
10
9
13
11
14
13
16
7
5
1
2
13
1
4
6
9
9
1
17
17
7
7
1
2
4
16
18
14
15
13
1
2
16
3
20
10
1
11
13
2
8
2
18
9
12
18
11
15
4
1
16
13
1
9
12
17
14
3
5
19
17
