10
2
8
13
2
14
16
2
16
8
7
10
15
12
2
15
13
3
7
5
9
3
8
5
13
8
18
18
18
17
10
3
1
5
13
18
14
4
5
16
16
6
15
16
16
6
1
18
4
5
18
3
2
17
18
14
8
13
4
19
18
16
18
11
14
11
3
13
6
14
9
18
1
1
2
20
2
18
2
5
7
13
15
14
14
3
18
4
19
19
19
9
10
7
16
14
19
1
7
9
18
19
18
20
13
16
8
2
8
8
20
10
12
18
5
15
10
14
6
5
1
6
8
19
5
10
9
15
18
11
6
4
19
8
4
15
11
13
8
6
6
9
17
17
1
20
18
16
13
6
5
16
15
8
15
20
19
14
16
8
2
9
9
15
14
18
10
5
8
15
14
4
17
11
7
15
9
1
10
14
11
9
17
20
6
5
19
4
17
6
19
2
9
20
18
19
6
6
6
17
20
5
15
3
1
8
18
7
7
16
3
9
8
2
8
18
10
4
9
12
17
11
3
6
19
7
16
15
1
14
19
9
6
7
12
15
20
2
15
2
1
4
18
8
16
19
5
10
10
18
18
7
1
10
9
20
5
1
20
16
15
13
4
18
12
5
10
2
5
19
6
14
20
16
19
12
14
4
5
5
6
18
8
10
11
10
7
3
13
18
4
17
3
16
19
13
11
8
16
10
8
14
8
20
17
19
18
11
15
14
12
19
8
20
8
14
6
7
14
17
11
7
8
13
10
17
19
14
1
3
11
16
20
18
1
17
1
2
5
13
3
7
20
2
12
18
13
15
16
13
5
19
5
10
20
2
12
6
7
8
20
20
18
1
3
19
4
12
2
9
19
3
8
4
1
8
18
16
6
3
2
3
5
4
10
8
4
10
15
14
8
19
8
7
17
10
7
11
14
18
